%%planet parameters
%R=6.371e6; %%meters
%M=5.972e24; %%kg
%G=6.67e-11;
mu= 3.986004418e5;
w=2*pi/(86400);%rad/sec

